300 0.0000000000000000
600 0.0000000000000000
900 0.0000000000000000
1200 0.0000000000000000
1500 0.0000000000000000
1800 0.0000000000000000
2100 0.0000000000000000
2400 0.0000000000000000
2700 0.0000000000000000
3000 0.0000000000000000
3300 0.0000000000000000
3600 0.0000000000000000
3900 0.0062500000931323
4200 0.0062500000931323
4500 0.0125000001862645
4800 0.0062500000931323
5100 0.0062500000931323
5400 0.0375000014901161
5700 0.0250000003725290
6000 0.0125000001862645
6300 0.0250000003725290
6600 0.0312500000000000
6900 0.0250000003725290
7200 0.0375000014901161
7500 0.0062500000931323
7800 0.0187500007450581
8100 0.0562500022351742
8400 0.0250000003725290
8700 0.0625000000000000
9000 0.0375000014901161
9300 0.0812500044703484
9600 0.0750000029802322
9900 0.0937500000000000
10200 0.1250000000000000
10500 0.0687500014901161
10800 0.1250000000000000
11100 0.1000000014901161
11400 0.1312500089406967
11700 0.1250000000000000
12000 0.2312500029802322
12300 0.1250000000000000
12600 0.1500000059604645
12900 0.2374999970197678
13200 0.1812500059604645
13500 0.2562499940395355
13800 0.2937500178813934
14100 0.2812500000000000
14400 0.2812500000000000
14700 0.2750000059604645
15000 0.3250000178813934
15300 0.2937500178813934
15600 0.3187499940395355
15900 0.3687500059604645
16200 0.3750000000000000
16500 0.3937500119209290
16800 0.3750000000000000
17100 0.4500000178813934
17400 0.4500000178813934
17700 0.4812500178813934
18000 0.4124999940395355
18300 0.5124999880790710
18600 0.4749999940395355
18900 0.5250000357627869
19200 0.5812500119209290
19500 0.5187500119209290
19800 0.5437499880790710
20100 0.4875000119209290
20400 0.6125000119209290
20700 0.5687500238418579
21000 0.5187500119209290
21300 0.7125000357627869
21600 0.6187500357627869
21900 0.6500000357627869
22200 0.6125000119209290
22500 0.5812500119209290
22800 0.6125000119209290
23100 0.6374999880790710
23400 0.5875000357627869
23700 0.7062500119209290
24000 0.7187500000000000
24300 0.7375000119209290
24600 0.7500000000000000
24900 0.6687499880790710
25200 0.6750000119209290
25500 0.6999999880790710
25800 0.7624999880790710
26100 0.7250000238418579
26400 0.7500000000000000
26700 0.6937500238418579
27000 0.8187500238418579
27300 0.7687500119209290
27600 0.8000000119209290
27900 0.7562500238418579
28200 0.7562500238418579
28500 0.8187500238418579
28800 0.7937499880790710
29100 0.8375000357627869
29400 0.7624999880790710
29700 0.8375000357627869
30000 0.8562499880790710
30300 0.8187500238418579
30600 0.7687500119209290
30900 0.7812500000000000
31200 0.8500000238418579
31500 0.8062500357627869
31800 0.8062500357627869
32100 0.8874999880790710
32400 0.8312500119209290
32700 0.8062500357627869
33000 0.8562499880790710
33300 0.8562499880790710
33600 0.8937500119209290
33900 0.8812500238418579
34200 0.8375000357627869
34500 0.8874999880790710
34800 0.8625000119209290
35100 0.8500000238418579
35400 0.8437500000000000
35700 0.8937500119209290
36000 0.9125000238418579
36300 0.9250000119209290
36600 0.8312500119209290
36900 0.8937500119209290
37200 0.9125000238418579
37500 0.8937500119209290
37800 0.8750000000000000
38100 0.9062500000000000
38400 0.8812500238418579
38700 0.8874999880790710
39000 0.8750000000000000
39300 0.8874999880790710
39600 0.9250000119209290
39900 0.8750000000000000
40200 0.8874999880790710
40500 0.9312500357627869
40800 0.9625000357627869
41100 0.8937500119209290
41400 0.9187499880790710
41700 0.9250000119209290
42000 0.9187499880790710
42300 0.8874999880790710
42600 0.9375000000000000
42900 0.9000000357627869
43200 0.9375000000000000
43500 0.9437500238418579
43800 0.9562500119209290
44100 0.9562500119209290
44400 0.9250000119209290
44700 0.9250000119209290
45000 0.9250000119209290
45300 0.9125000238418579
45600 0.9562500119209290
45900 0.9562500119209290
46200 0.9000000357627869
46500 0.9437500238418579
46800 0.9312500357627869
47100 0.9312500357627869
47400 0.9125000238418579
47700 0.9499999880790710
48000 0.9812499880790710
48300 0.9750000238418579
48600 0.9250000119209290
48900 0.9312500357627869
49200 0.9187499880790710
49500 0.9687500000000000
49800 0.9375000000000000
50100 0.9437500238418579
50400 0.9750000238418579
50700 0.9437500238418579
51000 0.9499999880790710
