300 8.233357429504395
600 8.233556747436523
900 8.230329513549805
1200 8.233452796936035
1500 8.25866985321045
1800 8.216386795043945
2100 8.14982795715332
2400 7.732441425323486
2700 7.649993419647217
3000 7.5153279304504395
3300 7.32804536819458
3600 7.33434534072876
3900 7.094050407409668
4200 6.714462757110596
4500 6.72470235824585
4800 6.425638675689697
5100 5.936461925506592
5400 6.520498752593994
5700 6.067337989807129
6000 5.641054630279541
6300 6.1218485832214355
6600 5.5467915534973145
6900 5.889793395996094
7200 5.918180465698242
7500 5.24101448059082
7800 5.2355804443359375
8100 5.36428689956665
8400 5.493011474609375
8700 5.067707538604736
9000 5.247391223907471
9300 5.626820087432861
9600 4.892484188079834
9900 4.043100833892822
10200 4.020010471343994
10500 4.396477222442627
10800 4.30759859085083
11100 4.034312725067139
11400 3.864745616912842
11700 3.6633384227752686
12000 3.6704440116882324
12300 3.1538679599761963
12600 3.6135764122009277
12900 4.102594375610352
13200 3.6161742210388184
13500 2.958496570587158
13800 3.3986804485321045
14100 2.4912943840026855
14400 2.7299187183380127
14700 3.273355722427368
15000 2.7655205726623535
15300 2.2268011569976807
15600 2.926694869995117
15900 2.460200071334839
16200 2.4676012992858887
16500 2.915553331375122
16800 2.404226779937744
17100 1.9959973096847534
17400 2.5912232398986816
17700 3.061366081237793
18000 2.6615185737609863
18300 2.2997546195983887
18600 2.3176326751708984
18900 2.1915836334228516
19200 1.9286242723464966
19500 2.031240463256836
19800 1.864528775215149
20100 1.6805429458618164
20400 1.8176820278167725
20700 0.9353204965591431
21000 1.5113972425460815
21300 1.107384443283081
21600 1.4172577857971191
21900 1.261421799659729
22200 1.4884703159332275
22500 1.3246574401855469
22800 1.7607206106185913
23100 1.399078607559204
23400 1.0414291620254517
23700 1.0174431800842285
24000 1.386531114578247
24300 0.8564275503158569
24600 1.048668384552002
24900 0.8160092830657959
25200 1.076751947402954
25500 1.2520434856414795
25800 0.989223301410675
26100 0.6637168526649475
26400 0.914365291595459
26700 0.837846040725708
27000 0.3578263223171234
27300 1.057320237159729
27600 0.6252003908157349
27900 1.3186501264572144
28200 1.093321442604065
28500 0.8126063346862793
28800 0.6255989670753479
29100 0.4360584616661072
29400 0.7497619390487671
29700 0.7718356251716614
30000 0.5650082230567932
30300 0.49246591329574585
30600 1.104853868484497
30900 0.9954394102096558
31200 0.5631319880485535
31500 0.5888280868530273
31800 0.23191483318805695
32100 0.4600575566291809
32400 0.8164107203483582
32700 0.2962465286254883
33000 0.8608692288398743
33300 0.20989488065242767
33600 0.5837023258209229
33900 0.2593541741371155
34200 0.3049275875091553
34500 0.47295278310775757
34800 0.3505111038684845
35100 0.5045671463012695
35400 0.17450815439224243
35700 0.5538843870162964
36000 0.611096978187561
36300 0.30370664596557617
36600 0.31322401762008667
36900 0.26368892192840576
37200 0.3165191411972046
37500 0.1629265397787094
37800 0.25280851125717163
38100 0.16940665245056152
38400 0.5350696444511414
38700 0.29305171966552734
39000 0.251204252243042
39300 0.35821473598480225
39600 0.08722275495529175
39900 0.22929902374744415
40200 0.13961882889270782
40500 0.39269527792930603
40800 0.40763983130455017
41100 0.3408849239349365
41400 0.26606112718582153
41700 0.1730782687664032
42000 0.1032017394900322
42300 0.14733430743217468
42600 0.251949667930603
42900 0.29659101366996765
43200 0.12265809625387192
43500 0.44508734345436096
43800 0.18822745978832245
44100 0.060583483427762985
44400 0.24378374218940735
44700 0.4255404770374298
45000 0.26695773005485535
45300 0.23713301122188568
45600 0.027435248717665672
45900 0.3310791850090027
46200 0.1931382268667221
46500 0.03890503942966461
46800 0.23278985917568207
47100 0.16332490742206573
47400 0.1488015055656433
47700 0.24618788063526154
48000 0.08942408114671707
48300 0.06886760145425797
48600 0.09222515672445297
48900 0.14634980261325836
49200 0.16412723064422607
49500 0.1491689383983612
49800 0.03576113283634186
50100 0.13937073945999146
50400 0.07256336510181427
50700 0.07244478911161423
51000 0.3084273934364319
